23.16 1245
22.86 1380
22.86 30
22.79 0
22.79 0
22.86 0
22.86 0
22.71 0
22.93 0
23.01 0
23.08 0
23.16 0
23.31 0
23.38 0
23.68 0
23.76 0
23.98 0
24.13 0
24.36 0
24.58 0
24.66 0
24.89 0
25.04 0
25.34 0
25.34 0
25.57 0
25.64 0
25.80 0
25.95 0
26.02 0
26.18 0
26.25 0
26.33 0
26.48 0
26.79 180
26.48 750
26.10 1125
25.80 1395
25.19 1530
24.81 1635
24.66 1725
24.36 1725
24.13 1770
23.91 1800
23.76 1785
23.31 1770
23.16 1680
23.08 60
23.01 0
22.93 0
22.93 0
22.93 0
22.93 0
22.86 0
22.93 0
23.01 0
23.16 0
23.23 0
23.31 0
23.38 0
23.53 0
23.76 0
23.98 0
24.13 0
24.36 0
24.58 0
24.74 0
24.96 0
25.11 0
25.26 0
25.42 0
25.57 0
25.72 0
25.95 0
26.02 0
26.25 0
26.41 0
26.71 195
26.63 735
26.10 1110
25.72 1395
25.26 1560
24.96 1650
24.58 1725
24.51 1725
24.06 1785
23.83 1770
23.61 1800
23.46 1800
23.38 1770
23.01 1695
22.86 75
22.86 0
22.86 0
22.79 0
22.79 0
22.79 0
22.86 0
22.86 0
22.93 0
23.01 0
23.08 0
23.16 0
23.31 0
23.46 0
23.53 0
23.76 0
23.98 0
24.21 0
24.43 0
24.66 0
24.89 0
25.11 0
25.19 0
25.42 0
25.49 0
25.64 0
25.87 0
25.95 0
26.02 0
26.33 0
26.33 0
26.56 0
26.56 165
26.56 735
25.95 1110
25.87 1365
25.34 1560
24.96 1665
24.66 1695
24.36 1755
24.13 1740
