23.99 499.00 490.00
23.99 499.00 490.00
23.99 499.00 489.00
23.91 498.00 487.00
23.83 497.00 487.00
23.83 497.00 486.00
23.74 496.00 486.00
23.74 496.00 484.00
23.74 496.00 484.00
23.66 495.00 482.00
23.66 495.00 482.00
23.66 495.00 482.00
23.66 495.00 481.00
23.66 495.00 481.00
23.66 495.00 481.00
23.66 495.00 480.00
23.66 495.00 479.00
23.58 494.00 478.00
23.58 494.00 478.00
23.58 494.00 479.00
23.50 493.00 475.00
23.50 493.00 477.00
23.50 493.00 477.00
23.50 493.00 477.00
23.42 492.00 478.00
23.42 492.00 478.00
23.42 492.00 476.00
23.42 492.00 475.00
23.42 492.00 476.00
23.34 491.00 476.00
23.34 491.00 477.00
23.34 491.00 475.00
23.34 491.00 475.00
23.26 490.00 476.00
23.26 490.00 475.00
23.26 490.00 476.00
23.26 490.00 474.00
23.26 490.00 474.00
23.18 489.00 474.00
23.34 491.00 474.00
23.18 489.00 474.00
23.18 489.00 475.00
23.18 489.00 474.00
23.18 489.00 474.00
23.10 488.00 473.00
23.10 488.00 474.00
23.10 488.00 474.00
23.10 488.00 474.00
23.10 488.00 475.00
23.10 488.00 476.00
23.02 487.00 474.00
23.02 487.00 473.00
23.02 487.00 474.00
23.02 487.00 473.00
23.02 487.00 474.00
22.94 486.00 473.00
22.94 486.00 473.00
22.94 486.00 473.00
22.94 486.00 472.00
22.86 485.00 472.00
22.86 485.00 472.00
22.86 485.00 473.00
22.86 485.00 473.00
22.78 484.00 472.00
22.86 485.00 473.00
22.78 484.00 472.00
22.78 484.00 471.00
22.86 485.00 473.00
22.70 483.00 468.00
22.78 484.00 470.00
22.70 483.00 471.00
22.62 482.00 470.00
22.62 482.00 470.00
22.54 481.00 469.00
22.54 481.00 469.00
22.54 481.00 469.00
22.46 480.00 469.00
22.46 480.00 467.00
22.38 479.00 468.00
22.38 479.00 468.00
22.38 479.00 468.00
22.38 479.00 468.00
22.30 478.00 468.00
22.30 478.00 469.00
22.30 478.00 468.00
22.22 477.00 470.00
22.22 477.00 468.00
22.22 477.00 469.00
22.22 477.00 468.00
22.22 477.00 467.00
22.22 477.00 466.00
22.14 476.00 471.00
22.14 476.00 466.00
22.22 477.00 471.00
22.14 476.00 468.00
22.14 476.00 467.00
22.14 476.00 466.00
22.14 476.00 465.00
22.14 476.00 467.00
22.14 476.00 468.00
22.14 476.00 469.00
22.14 476.00 468.00
22.14 476.00 468.00
22.22 477.00 473.00
22.06 475.00 468.00
22.14 476.00 469.00
22.06 475.00 468.00
22.06 475.00 469.00
22.06 475.00 469.00
22.06 475.00 466.00
22.06 475.00 468.00
22.14 476.00 472.00
22.06 475.00 469.00
