1 1200
2 1050
3 1200
4 1200
5 1200
6 1050
7 1200
8 1200
9 1050
10 1200
11 1050
12 1050
13 1050
14 900
15 1050
16 900
17 900
18 900
19 900
20 750
21 900
22 750
23 750
24 750
25 750
26 750
27 750
28 600
29 750
30 600
31 600
32 750
33 600
34 600
35 450
36 600
37 600
38 600
39 450
40 600
41 450
42 600
43 450
44 600
45 450
46 450
47 600
48 450
49 450
50 450
51 600
52 450
53 450
54 450
55 600
56 450
57 450
58 450
59 600
60 450
61 450
62 600
63 450
64 600
65 450
66 450
67 600
68 600
69 450
70 600
71 450
72 600
73 600
74 450
75 600
76 600
77 600
78 600
79 600
80 600
81 600
82 600
83 600
84 600
85 600
86 750
87 600
88 600
89 750
90 600
91 750
92 600
93 750
94 750
95 600
96 750
97 750
98 750
99 750
100 600
101 900
102 750
103 750
104 750
105 750
106 750
107 900
108 750
109 900
110 750
111 750
112 900
113 900
114 750
115 900
116 900
117 900
118 900
119 750
120 900
121 1050
122 900
123 900
124 900
125 900
126 900
127 1050
128 900
129 1050
130 900
131 1050
132 900
133 1050
134 1050
135 900
136 1050
137 1050
138 1050
139 1050
140 1050
141 1050
142 1050
143 1050
144 1050
145 1050
146 1050
147 1200
148 1050
149 1050
150 1200
151 1050
152 1200
153 1050
154 1200
155 1200
156 1050
157 1200
158 1200
159 1200
160 1050
161 1200
162 1200
163 1200
164 1200
165 1200
166 1350
167 1200
168 1200
169 1200
170 1200
171 1350
172 1200
173 1350
174 1200
175 1200
176 1350
177 1350
178 1200
179 1350
180 1200
181 1350
182 1350
183 1350
184 1350
185 1350
186 1200
187 1350
188 1350
189 1350
190 1350
191 1500
192 1350
193 1350
194 1350
195 1350
196 1500
197 1350
198 1350
199 1500
200 1350
201 1350
202 1500
203 1350
204 1500
205 1500
206 1350
207 1500
208 1500
209 1350
210 1500
211 1500
212 1500
213 1500
214 1350
215 1500
216 1500
217 1500
218 1500
219 1500
220 1650
221 1500
222 1500
223 1500
224 1500
225 1650
226 1500
227 1500
228 1500
229 1650
230 1500
231 1650
232 1500
233 1500
234 1650
235 1500
236 1650
237 1650
238 1500
239 1650
240 1500
241 1650
242 1650
243 1650
244 1650
245 1500
246 1650
247 1650
248 1650
249 1650
250 1650
251 1650
252 1650
253 1650
254 1650
255 1650
0 1650
1 1650
2 1650
3 1800
4 1650
5 1500
6 1650
7 1650
8 1500
9 1500
10 1500
11 1350
12 1350
13 1350
14 1350
15 1200
16 1350
17 1200
18 1050
19 1200
20 1050
21 1050
22 1200
23 900
24 1050
25 900
26 1050
27 900
28 900
29 900
30 750
31 900
32 750
33 750
34 750
35 900
36 600
37 750
38 750
39 600
40 750
41 600
42 750
43 600
44 600
45 600
46 600
47 600
48 600
49 600
50 600
51 600
52 600
53 600
54 450
55 600
56 600
57 450
58 600
59 600
60 600
61 450
62 600
63 600
64 450
65 600
66 600
67 600
68 450
69 600
70 600
71 600
72 600
73 600
74 600
75 450
76 600
77 750
78 600
79 600
80 600
81 600
82 600
83 750
84 600
85 600
86 600
87 750
88 600
89 750
90 600
91 750
92 750
93 600
94 750
95 750
96 750
97 750
98 750
99 750
100 750
101 750
102 750
103 750
104 750
105 750
106 900
107 750
108 750
109 900
110 750
111 900
112 900
113 750
114 900
115 900
116 900
117 750
118 900
119 900
120 900
121 900
122 900
123 1050
124 900
125 900
126 900
127 900
128 1050
129 900
130 1050
131 900
132 1050
133 1050
134 900
135 1050
136 1050
137 1050
138 1050
139 900
140 1050
141 1050
142 1200
143 1050
144 1050
145 1050
146 1050
147 1200
148 1050
149 1050
150 1200
151 1050
152 1200
153 1050
154 1200
155 1050
156 1200
157 1200
158 1200
159 1050
160 1200
161 1200
162 1200
163 1200
164 1200
165 1200
166 1200
167 1200
168 1350
169 1200
170 1200
171 1350
172 1200
173 1200
174 1350
175 1200
176 1350
177 1200
178 1350
179 1350
180 1200
181 1350
182 1350
183 1200
184 1350
185 1350
186 1350
187 1350
188 1350
189 1350
190 1350
191 1350
192 1350
193 1500
194 1350
195 1350
196 1350
197 1500
198 1350
199 1350
200 1500
201 1350
202 1500
203 1350
204 1500
205 1350
206 1500
207 1500
208 1350
209 1500
210 1500
211 1500
212 1350
213 1500
214 1500
215 1500
216 1500
217 1500
218 1500
219 1500
220 1500
221 1500
222 1500
223 1650
224 1500
225 1500
226 1500
227 1650
228 1500
229 1500
230 1650
231 1500
232 1500
233 1650
234 1650
235 1500
236 1650
237 1500
238 1650
239 1500
240 1650
241 1650
242 1650
243 1500
244 1650
245 1650
246 1650
247 1650
248 1650
249 1650
250 1500
251 1650
252 1800
253 1500
254 1800
255 1650
0 1650
1 1650
2 600
3 0
4 150
5 0
6 150
7 300
8 150
9 300
10 300
11 150
12 300
13 300
14 150
15 300
16 300
17 300
18 150
19 300
20 150
21 300
22 300
23 150
24 300
25 300
26 150
27 300
28 300
29 150
30 300
31 150
32 300
33 300
34 150
35 300
36 300
37 150
38 300
39 300
40 300
41 150
42 300
43 300
44 300
45 300
46 300
47 300
48 300
49 300
50 300
51 300
52 450
53 300
54 300
55 450
56 300
57 300
58 450
59 300
60 450
61 450
62 300
63 450
64 450
65 450
66 300
67 450
68 450
69 450
70 450
71 600
72 450
73 450
74 450
75 450
76 600
77 450
78 600
79 450
80 600
81 450
82 600
83 600
84 600
85 600
86 600
87 600
88 600
89 600
90 600
91 750
92 600
93 750
94 600
95 750
96 600
97 750
98 750
99 600
100 750
101 750
102 750
103 750
104 750
105 750
106 750
107 900
108 750
109 750
110 900
111 750
112 900
113 750
114 900
115 900
116 750
117 900
118 900
119 900
120 900
121 900
122 900
123 900
124 900
125 900
126 1050
127 900
128 900
129 1050
130 900
131 1050
132 900
133 1050
134 1050
135 900
136 1050
137 1050
138 1050
139 1050
140 1050
141 1050
142 1050
143 1050
144 1050
145 1050
146 1200
147 1050
148 1050
149 1200
150 1050
151 1200
152 1050
153 1200
154 1200
155 1050
156 1200
157 1200
158 1050
159 1200
160 1200
161 1200
162 1200
163 1200
164 1200
165 1200
166 1350
167 1200
168 1200
169 1200
170 1350
171 1200
172 1200
173 1350
174 1200
175 1350
176 1200
177 1350
178 1350
179 1200
180 1350
181 1350
182 1350
183 1350
184 1200
185 1500
186 1200
187 1350
188 1350
189 1500
190 1350
191 1350
192 1350
193 1350
194 1500
195 1350
196 1350
197 1500
198 1350
199 1350
200 1500
201 1350
202 1500
203 1500
204 1350
205 1500
206 1500
207 1350
208 1500
209 1500
210 1500
211 1500
212 1500
213 1350
214 1500
215 1500
216 1500
217 1650
218 1500
219 1500
220 1500
221 1500
222 1500
223 1650
224 1500
225 1500
226 1650
227 1500
228 1500
229 1650
230 1500
231 1650
232 1500
233 1650
234 1650
235 1500
236 1650
237 1500
238 1650
239 1650
240 1650
241 1500
242 1650
243 1650
244 1650
245 1650
246 1650
247 1650
248 1650
249 1650
250 1650
251 1650
252 1650
253 1800
254 1650
255 1650
0 1350
1 1350
2 1050
3 150
4 0
5 150
6 0
7 0
8 150
9 0
10 0
11 0
12 0
13 0
14 0
15 0
16 0
17 0
18 0
19 0
20 0
21 0
22 0
23 0
24 0
25 0
26 0
27 0
28 0
29 0
30 0
31 0
32 0
33 0
34 0
35 0
36 0
37 0
38 0
39 0
40 0
41 0
42 0
43 0
44 0
45 0
46 0
47 0
48 0
49 300
50 300
51 300
52 300
53 300
54 450
55 300
56 450
57 300
58 450
59 300
60 450
61 300
62 450
63 450
64 450
65 450
66 300
67 450
68 450
69 450
70 450
71 600
72 450
73 450
74 450
75 450
76 600
77 450
78 600
79 450
80 600
81 600
82 450
83 600
84 600
85 600
86 600
87 600
88 600
89 750
90 600
91 600
92 600
93 750
94 600
95 750
96 750
97 600
98 750
99 750
100 750
101 600
102 750
103 750
104 750
105 900
106 750
107 750
108 750
109 900
110 750
111 900
112 750
113 900
114 750
115 900
116 900
117 750
118 900
119 900
120 900
121 900
122 900
123 900
124 1050
125 900
126 900
127 900
128 1050
129 900
130 1050
131 900
132 1050
133 900
134 1050
135 1050
136 1050
137 1050
138 900
139 1050
140 1050
141 1050
142 1050
143 1200
144 1050
145 1050
146 1050
147 1050
148 1200
149 1050
150 1200
151 1050
152 1200
153 1050
154 1200
155 1200
156 1050
157 1200
158 1200
159 1200
160 1200
161 1200
162 1200
163 1200
164 1200
165 1200
166 1200
167 1200
168 1200
169 1350
170 1200
171 1350
172 1200
173 1200
174 1350
175 1200
176 1350
177 1350
178 1200
179 1350
180 1350
181 1350
182 1200
183 1350
184 1350
185 1350
186 1350
187 1350
188 1350
189 1350
190 1350
191 1350
192 1500
193 1350
194 1350
195 1350
196 1500
197 1350
198 1500
199 1350
200 1500
201 1350
202 1500
203 1350
204 1500
205 1500
206 1350
207 1500
208 1500
209 1500
210 1350
211 1500
212 1500
213 1500
214 1500
215 1500
216 1650
217 1500
218 1500
219 1500
220 1500
221 1650
222 1500
223 1500
224 1650
225 1500
226 1650
227 1500
228 1650
229 1650
230 1500
231 1650
232 1650
233 1500
234 1650
235 1650
236 1650
237 1650
238 1650
239 1650
240 1650
241 1650
242 1650
243 1650
244 1650
245 1650
246 1800
247 1650
248 1650
249 1800
250 1650
251 1650
252 1800
253 1650
254 1650
255 1800
0 1800
1 1650
2 1650
3 1650
4 1350
5 600
6 150
7 0
8 0
9 150
10 0
11 0
12 0
13 0
14 0
15 0
16 0
17 0
18 0
19 0
20 0
21 0
22 0
23 0
24 0
25 0
26 0
27 0
28 0
29 0
30 0
31 0
32 0
33 0
34 0
35 0
36 0
37 0
38 0
39 0
40 0
41 0
42 0
43 0
44 0
45 0
46 0
47 0
48 0
49 150
50 300
51 300
52 300
53 300
54 300
55 450
56 300
57 450
58 300
59 450
60 300
61 450
62 450
63 300
64 450
65 450
66 450
67 450
68 300
69 600
70 300
71 600
72 450
73 450
74 450
75 450
76 600
77 450
78 600
79 450
80 600
81 600
82 450
83 600
84 600
85 600
86 600
87 600
88 600
89 600
90 750
91 600
92 600
93 600
94 750
95 750
96 600
97 750
98 750
99 600
100 750
101 750
102 750
103 750
104 750
105 750
106 750
107 900
108 750
109 750
110 900
111 750
112 900
113 750
114 900
115 900
116 750
117 900
118 900
119 900
120 900
121 900
122 900
123 900
124 900
125 900
126 1050
127 900
128 900
129 1050
130 900
131 1050
132 900
133 1050
134 1050
135 900
136 1050
137 1050
138 1050
139 1050
140 1050
141 1050
142 1050
143 1050
144 1050
145 1050
146 1200
147 1050
148 1050
149 1200
150 1050
151 1200
152 1050
153 1200
154 1050
155 1200
156 1200
157 1200
158 1050
159 1200
160 1200
161 1200
162 1200
163 1200
164 1200
165 1200
166 1350
167 1200
168 1200
169 1200
170 1350
171 1200
172 1200
173 1350
174 1200
175 1350
176 1350
177 1200
178 1350
179 1200
180 1350
181 1350
182 1350
183 1200
184 1500
185 1200
186 1350
187 1350
188 1500
189 1200
190 1500
191 1350
192 1350
193 1350
194 1350
195 1500
196 1350
197 1350
198 1500
199 1350
200 1500
201 1350
202 1500
203 1500
204 1350
205 1500
206 1500
207 1350
208 1500
209 1500
210 1500
211 1500
212 1500
213 1500
214 1500
215 1500
216 1500
217 1500
218 1500
219 1500
220 1500
221 1500
222 1500
223 1650
224 1500
225 1500
226 1650
227 1500
228 1650
229 1500
230 1650
231 1500
232 1650
233 1500
234 1650
235 1500
236 1650
237 1650
238 1500
239 1650
240 1650
241 1650
242 1650
243 1650
244 1650
245 1500
246 1650
247 1650
248 1650
249 1650
250 1650
251 1800
252 1650
253 1650
254 1650
255 1650
0 1650
1 1800
2 1650
3 1650
4 1650
5 1650
6 1650
7 1650
8 1500
9 1500
10 1500
11 1500
12 1350
13 1350
14 1350
15 1200
16 1350
17 1200
18 1050
19 1200
20 1050
21 1200
22 1050
23 1050
24 900
25 1050
26 900
27 900
28 900
29 900
